run/mvnc/io/netty/netty-codec-http/4.1.102.Final/io.netty.handler.codec.spdy.SpdyHeaders_ESTest.out	1	1	0	0.004
